2018-08-31 14:29:16.922-->1..你好，我是中国人.
2018-08-31 14:29:16.922-->2..你好，我是中国人.
2018-08-31 14:29:16.923-->3..你好，我是中国人.
2018-08-31 14:29:16.923-->4..你好，我是中国人.
2018-08-31 14:29:16.923-->5..你好，我是中国人.
2018-08-31 14:29:16.924-->6..你好，我是中国人.
2018-08-31 14:29:16.924-->7..你好，我是中国人.
2018-08-31 14:29:16.924-->8..你好，我是中国人.
2018-08-31 14:29:16.924-->9..你好，我是中国人.
2018-08-31 14:29:16.925-->10..你好，我是中国人.
2018-08-31 14:29:16.925-->11..你好，我是中国人.
2018-08-31 14:29:16.925-->12..你好，我是中国人.
2018-08-31 14:29:16.926-->13..你好，我是中国人.
2018-08-31 14:29:16.926-->14..你好，我是中国人.
2018-08-31 14:29:16.927-->15..你好，我是中国人.
2018-08-31 14:29:16.927-->16..你好，我是中国人.
2018-08-31 14:29:16.927-->17..你好，我是中国人.
2018-08-31 14:29:16.928-->18..你好，我是中国人.
2018-08-31 14:29:16.928-->19..你好，我是中国人.
2018-08-31 14:29:16.929-->20..你好，我是中国人.
2018-08-31 14:29:16.929-->21..你好，我是中国人.
2018-08-31 14:29:16.929-->22..你好，我是中国人.
2018-08-31 14:29:16.930-->23..你好，我是中国人.
2018-08-31 14:29:16.930-->24..你好，我是中国人.
2018-08-31 14:29:16.930-->25..你好，我是中国人.
2018-08-31 14:29:16.931-->26..你好，我是中国人.
2018-08-31 14:29:16.931-->27..你好，我是中国人.
2018-08-31 14:29:16.931-->28..你好，我是中国人.
2018-08-31 14:29:16.932-->29..你好，我是中国人.
2018-08-31 14:29:16.932-->30..你好，我是中国人.
2018-08-31 14:29:16.932-->31..你好，我是中国人.
2018-08-31 14:29:16.933-->32..你好，我是中国人.
2018-08-31 14:29:16.933-->33..你好，我是中国人.
2018-08-31 14:29:16.933-->34..你好，我是中国人.
2018-08-31 14:29:16.934-->35..你好，我是中国人.
2018-08-31 14:29:16.934-->36..你好，我是中国人.
2018-08-31 14:29:16.934-->37..你好，我是中国人.
2018-08-31 14:29:16.935-->38..你好，我是中国人.
2018-08-31 14:29:16.935-->39..你好，我是中国人.
2018-08-31 14:29:16.936-->40..你好，我是中国人.
2018-08-31 14:29:16.936-->41..你好，我是中国人.
2018-08-31 14:29:16.937-->42..你好，我是中国人.
2018-08-31 14:29:16.937-->43..你好，我是中国人.
2018-08-31 14:29:16.937-->44..你好，我是中国人.
2018-08-31 14:29:16.938-->45..你好，我是中国人.
2018-08-31 14:29:16.938-->46..你好，我是中国人.
2018-08-31 14:29:16.939-->47..你好，我是中国人.
2018-08-31 14:29:16.939-->48..你好，我是中国人.
2018-08-31 14:29:16.939-->49..你好，我是中国人.
2018-08-31 14:29:16.940-->50..你好，我是中国人.
2018-08-31 14:29:16.940-->51..你好，我是中国人.
2018-08-31 14:29:16.941-->52..你好，我是中国人.
2018-08-31 14:29:16.941-->53..你好，我是中国人.
2018-08-31 14:29:16.942-->54..你好，我是中国人.
2018-08-31 14:29:16.942-->55..你好，我是中国人.
2018-08-31 14:29:16.942-->56..你好，我是中国人.
2018-08-31 14:29:16.943-->57..你好，我是中国人.
2018-08-31 14:29:16.943-->58..你好，我是中国人.
2018-08-31 14:29:16.944-->59..你好，我是中国人.
2018-08-31 14:29:16.944-->60..你好，我是中国人.
2018-08-31 14:29:16.944-->61..你好，我是中国人.
2018-08-31 14:29:16.945-->62..你好，我是中国人.
2018-08-31 14:29:16.945-->63..你好，我是中国人.
2018-08-31 14:29:16.946-->64..你好，我是中国人.
2018-08-31 14:29:16.946-->65..你好，我是中国人.
2018-08-31 14:29:16.946-->66..你好，我是中国人.
2018-08-31 14:29:16.947-->67..你好，我是中国人.
2018-08-31 14:29:16.947-->68..你好，我是中国人.
2018-08-31 14:29:16.948-->69..你好，我是中国人.
2018-08-31 14:29:16.948-->70..你好，我是中国人.
2018-08-31 14:29:16.948-->71..你好，我是中国人.
2018-08-31 14:29:16.949-->72..你好，我是中国人.
2018-08-31 14:29:16.949-->73..你好，我是中国人.
2018-08-31 14:29:16.949-->74..你好，我是中国人.
2018-08-31 14:29:16.950-->75..你好，我是中国人.
2018-08-31 14:29:16.950-->76..你好，我是中国人.
2018-08-31 14:29:16.951-->77..你好，我是中国人.
2018-08-31 14:29:16.951-->78..你好，我是中国人.
2018-08-31 14:29:16.951-->79..你好，我是中国人.
2018-08-31 14:29:16.952-->80..你好，我是中国人.
2018-08-31 14:29:16.952-->81..你好，我是中国人.
2018-08-31 14:29:16.952-->82..你好，我是中国人.
2018-08-31 14:29:16.953-->83..你好，我是中国人.
2018-08-31 14:29:16.953-->84..你好，我是中国人.
2018-08-31 14:29:16.953-->85..你好，我是中国人.
2018-08-31 14:29:16.954-->86..你好，我是中国人.
2018-08-31 14:29:16.954-->87..你好，我是中国人.
2018-08-31 14:29:16.954-->88..你好，我是中国人.
2018-08-31 14:29:16.955-->89..你好，我是中国人.
2018-08-31 14:29:16.955-->90..你好，我是中国人.
2018-08-31 14:29:16.955-->91..你好，我是中国人.
2018-08-31 14:29:16.955-->92..你好，我是中国人.
2018-08-31 14:29:16.956-->93..你好，我是中国人.
2018-08-31 14:29:16.956-->94..你好，我是中国人.
2018-08-31 14:29:16.956-->95..你好，我是中国人.
2018-08-31 14:29:16.956-->96..你好，我是中国人.
2018-08-31 14:29:16.957-->97..你好，我是中国人.
2018-08-31 14:29:16.957-->98..你好，我是中国人.
2018-08-31 14:29:16.957-->99..你好，我是中国人.
2018-08-31 14:29:16.958-->100..你好，我是中国人.
2018-08-31 14:29:16.958-->101..你好，我是中国人.
2018-08-31 14:29:16.958-->102..你好，我是中国人.
2018-08-31 14:29:16.958-->103..你好，我是中国人.
2018-08-31 14:29:16.959-->104..你好，我是中国人.
2018-08-31 14:29:16.959-->105..你好，我是中国人.
2018-08-31 14:29:16.959-->106..你好，我是中国人.
2018-08-31 14:29:16.960-->107..你好，我是中国人.
2018-08-31 14:29:16.960-->108..你好，我是中国人.
2018-08-31 14:29:16.960-->109..你好，我是中国人.
2018-08-31 14:29:16.961-->110..你好，我是中国人.
2018-08-31 14:29:16.961-->111..你好，我是中国人.
2018-08-31 14:29:16.961-->112..你好，我是中国人.
2018-08-31 14:29:16.961-->113..你好，我是中国人.
2018-08-31 14:29:16.962-->114..你好，我是中国人.
2018-08-31 14:29:16.962-->115..你好，我是中国人.
2018-08-31 14:29:16.962-->116..你好，我是中国人.
2018-08-31 14:29:16.963-->117..你好，我是中国人.
2018-08-31 14:29:16.963-->118..你好，我是中国人.
2018-08-31 14:29:16.963-->119..你好，我是中国人.
2018-08-31 14:29:16.963-->120..你好，我是中国人.
2018-08-31 14:29:16.964-->121..你好，我是中国人.
2018-08-31 14:29:16.964-->122..你好，我是中国人.
2018-08-31 14:29:16.964-->123..你好，我是中国人.
2018-08-31 14:29:16.965-->124..你好，我是中国人.
2018-08-31 14:29:16.965-->125..你好，我是中国人.
2018-08-31 14:29:16.965-->126..你好，我是中国人.
2018-08-31 14:29:16.965-->127..你好，我是中国人.
2018-08-31 14:29:16.966-->128..你好，我是中国人.
2018-08-31 14:29:16.966-->129..你好，我是中国人.
2018-08-31 14:29:16.966-->130..你好，我是中国人.
2018-08-31 14:29:16.966-->131..你好，我是中国人.
2018-08-31 14:29:16.967-->132..你好，我是中国人.
2018-08-31 14:29:16.967-->133..你好，我是中国人.
2018-08-31 14:29:16.967-->134..你好，我是中国人.
2018-08-31 14:29:16.968-->135..你好，我是中国人.
2018-08-31 14:29:16.968-->136..你好，我是中国人.
2018-08-31 14:29:16.968-->137..你好，我是中国人.
2018-08-31 14:29:16.969-->138..你好，我是中国人.
2018-08-31 14:29:16.969-->139..你好，我是中国人.
2018-08-31 14:29:16.969-->140..你好，我是中国人.
2018-08-31 14:29:16.969-->141..你好，我是中国人.
2018-08-31 14:29:16.970-->142..你好，我是中国人.
2018-08-31 14:29:16.970-->143..你好，我是中国人.
2018-08-31 14:29:16.970-->144..你好，我是中国人.
2018-08-31 14:29:16.970-->145..你好，我是中国人.
2018-08-31 14:29:16.971-->146..你好，我是中国人.
2018-08-31 14:29:16.971-->147..你好，我是中国人.
2018-08-31 14:29:16.971-->148..你好，我是中国人.
2018-08-31 14:29:16.972-->149..你好，我是中国人.
2018-08-31 14:29:16.972-->150..你好，我是中国人.
2018-08-31 14:29:16.972-->151..你好，我是中国人.
2018-08-31 14:29:16.972-->152..你好，我是中国人.
2018-08-31 14:29:16.973-->153..你好，我是中国人.
2018-08-31 14:29:16.973-->154..你好，我是中国人.
2018-08-31 14:29:16.973-->155..你好，我是中国人.
2018-08-31 14:29:16.973-->156..你好，我是中国人.
2018-08-31 14:29:16.974-->157..你好，我是中国人.
2018-08-31 14:29:16.974-->158..你好，我是中国人.
2018-08-31 14:29:16.974-->159..你好，我是中国人.
2018-08-31 14:29:16.974-->160..你好，我是中国人.
2018-08-31 14:29:16.975-->161..你好，我是中国人.
2018-08-31 14:29:16.975-->162..你好，我是中国人.
2018-08-31 14:29:16.975-->163..你好，我是中国人.
2018-08-31 14:29:16.976-->164..你好，我是中国人.
2018-08-31 14:29:16.976-->165..你好，我是中国人.
2018-08-31 14:29:16.976-->166..你好，我是中国人.
2018-08-31 14:29:16.976-->167..你好，我是中国人.
2018-08-31 14:29:16.977-->168..你好，我是中国人.
2018-08-31 14:29:16.977-->169..你好，我是中国人.
2018-08-31 14:29:16.977-->170..你好，我是中国人.
2018-08-31 14:29:16.977-->171..你好，我是中国人.
2018-08-31 14:29:16.978-->172..你好，我是中国人.
2018-08-31 14:29:16.978-->173..你好，我是中国人.
2018-08-31 14:29:16.978-->174..你好，我是中国人.
2018-08-31 14:29:16.979-->175..你好，我是中国人.
2018-08-31 14:29:16.979-->176..你好，我是中国人.
2018-08-31 14:29:16.979-->177..你好，我是中国人.
2018-08-31 14:29:16.979-->178..你好，我是中国人.
2018-08-31 14:29:16.980-->179..你好，我是中国人.
2018-08-31 14:29:16.980-->180..你好，我是中国人.
2018-08-31 14:29:16.980-->181..你好，我是中国人.
2018-08-31 14:29:16.981-->182..你好，我是中国人.
2018-08-31 14:29:16.981-->183..你好，我是中国人.
2018-08-31 14:29:16.981-->184..你好，我是中国人.
2018-08-31 14:29:16.981-->185..你好，我是中国人.
2018-08-31 14:29:16.982-->186..你好，我是中国人.
2018-08-31 14:29:16.982-->187..你好，我是中国人.
2018-08-31 14:29:16.982-->188..你好，我是中国人.
2018-08-31 14:29:16.982-->189..你好，我是中国人.
2018-08-31 14:29:16.983-->190..你好，我是中国人.
2018-08-31 14:29:16.983-->191..你好，我是中国人.
2018-08-31 14:29:16.983-->192..你好，我是中国人.
2018-08-31 14:29:16.984-->193..你好，我是中国人.
2018-08-31 14:29:16.984-->194..你好，我是中国人.
2018-08-31 14:29:16.984-->195..你好，我是中国人.
2018-08-31 14:29:16.984-->196..你好，我是中国人.
2018-08-31 14:29:16.985-->197..你好，我是中国人.
2018-08-31 14:29:16.985-->198..你好，我是中国人.
2018-08-31 14:29:16.985-->199..你好，我是中国人.
2018-08-31 14:29:16.985-->200..你好，我是中国人.
2018-08-31 14:29:16.986-->201..你好，我是中国人.
2018-08-31 14:29:16.986-->202..你好，我是中国人.
2018-08-31 14:29:16.986-->203..你好，我是中国人.
2018-08-31 14:29:16.986-->204..你好，我是中国人.
2018-08-31 14:29:16.987-->205..你好，我是中国人.
2018-08-31 14:29:16.987-->206..你好，我是中国人.
2018-08-31 14:29:16.987-->207..你好，我是中国人.
2018-08-31 14:29:16.987-->208..你好，我是中国人.
2018-08-31 14:29:16.988-->209..你好，我是中国人.
2018-08-31 14:29:16.988-->210..你好，我是中国人.
2018-08-31 14:29:16.988-->211..你好，我是中国人.
2018-08-31 14:29:16.989-->212..你好，我是中国人.
2018-08-31 14:29:16.989-->213..你好，我是中国人.
2018-08-31 14:29:16.989-->214..你好，我是中国人.
2018-08-31 14:29:16.989-->215..你好，我是中国人.
2018-08-31 14:29:16.990-->216..你好，我是中国人.
2018-08-31 14:29:16.990-->217..你好，我是中国人.
2018-08-31 14:29:16.990-->218..你好，我是中国人.
2018-08-31 14:29:16.991-->219..你好，我是中国人.
2018-08-31 14:29:16.991-->220..你好，我是中国人.
2018-08-31 14:29:16.991-->221..你好，我是中国人.
2018-08-31 14:29:16.991-->222..你好，我是中国人.
2018-08-31 14:29:16.992-->223..你好，我是中国人.
2018-08-31 14:29:16.992-->224..你好，我是中国人.
2018-08-31 14:29:16.992-->225..你好，我是中国人.
2018-08-31 14:29:16.992-->226..你好，我是中国人.
2018-08-31 14:29:16.993-->227..你好，我是中国人.
2018-08-31 14:29:16.993-->228..你好，我是中国人.
2018-08-31 14:29:16.993-->229..你好，我是中国人.
2018-08-31 14:29:16.994-->230..你好，我是中国人.
2018-08-31 14:29:16.994-->231..你好，我是中国人.
2018-08-31 14:29:16.994-->232..你好，我是中国人.
2018-08-31 14:29:16.994-->233..你好，我是中国人.
2018-08-31 14:29:16.995-->234..你好，我是中国人.
2018-08-31 14:29:16.995-->235..你好，我是中国人.
2018-08-31 14:29:16.995-->236..你好，我是中国人.
2018-08-31 14:29:16.995-->237..你好，我是中国人.
2018-08-31 14:29:16.996-->238..你好，我是中国人.
2018-08-31 14:29:16.996-->239..你好，我是中国人.
2018-08-31 14:29:16.996-->240..你好，我是中国人.
2018-08-31 14:29:16.997-->241..你好，我是中国人.
2018-08-31 14:29:16.997-->242..你好，我是中国人.
2018-08-31 14:29:16.997-->243..你好，我是中国人.
2018-08-31 14:29:16.997-->244..你好，我是中国人.
2018-08-31 14:29:16.998-->245..你好，我是中国人.
2018-08-31 14:29:16.998-->246..你好，我是中国人.
2018-08-31 14:29:16.998-->247..你好，我是中国人.
2018-08-31 14:29:16.998-->248..你好，我是中国人.
2018-08-31 14:29:16.999-->249..你好，我是中国人.
2018-08-31 14:29:16.999-->250..你好，我是中国人.
2018-08-31 14:29:16.999-->251..你好，我是中国人.
2018-08-31 14:29:17.000-->252..你好，我是中国人.
2018-08-31 14:29:17.000-->253..你好，我是中国人.
2018-08-31 14:29:17.000-->254..你好，我是中国人.
2018-08-31 14:29:17.000-->255..你好，我是中国人.
2018-08-31 14:29:17.001-->256..你好，我是中国人.
2018-08-31 14:29:17.001-->257..你好，我是中国人.
2018-08-31 14:29:17.001-->258..你好，我是中国人.
2018-08-31 14:29:17.001-->259..你好，我是中国人.
2018-08-31 14:29:17.002-->260..你好，我是中国人.
2018-08-31 14:29:17.002-->261..你好，我是中国人.
2018-08-31 14:29:17.002-->262..你好，我是中国人.
2018-08-31 14:29:17.002-->263..你好，我是中国人.
2018-08-31 14:29:17.003-->264..你好，我是中国人.
2018-08-31 14:29:17.003-->265..你好，我是中国人.
2018-08-31 14:29:17.003-->266..你好，我是中国人.
2018-08-31 14:29:17.004-->267..你好，我是中国人.
2018-08-31 14:29:17.004-->268..你好，我是中国人.
2018-08-31 14:29:17.004-->269..你好，我是中国人.
2018-08-31 14:29:17.004-->270..你好，我是中国人.
2018-08-31 14:29:17.005-->271..你好，我是中国人.
2018-08-31 14:29:17.005-->272..你好，我是中国人.
2018-08-31 14:29:17.005-->273..你好，我是中国人.
2018-08-31 14:29:17.005-->274..你好，我是中国人.
2018-08-31 14:29:17.006-->275..你好，我是中国人.
2018-08-31 14:29:17.006-->276..你好，我是中国人.
2018-08-31 14:29:17.006-->277..你好，我是中国人.
2018-08-31 14:29:17.007-->278..你好，我是中国人.
2018-08-31 14:29:17.007-->279..你好，我是中国人.
2018-08-31 14:29:17.007-->280..你好，我是中国人.
2018-08-31 14:29:17.007-->281..你好，我是中国人.
2018-08-31 14:29:17.008-->282..你好，我是中国人.
2018-08-31 14:29:17.008-->283..你好，我是中国人.
2018-08-31 14:29:17.008-->284..你好，我是中国人.
2018-08-31 14:29:17.009-->285..你好，我是中国人.
2018-08-31 14:29:17.009-->286..你好，我是中国人.
2018-08-31 14:29:17.009-->287..你好，我是中国人.
2018-08-31 14:29:17.009-->288..你好，我是中国人.
2018-08-31 14:29:17.010-->289..你好，我是中国人.
2018-08-31 14:29:17.010-->290..你好，我是中国人.
2018-08-31 14:29:17.010-->291..你好，我是中国人.
2018-08-31 14:29:17.010-->292..你好，我是中国人.
2018-08-31 14:29:17.011-->293..你好，我是中国人.
2018-08-31 14:29:17.011-->294..你好，我是中国人.
2018-08-31 14:29:17.011-->295..你好，我是中国人.
2018-08-31 14:29:17.012-->296..你好，我是中国人.
2018-08-31 14:29:17.012-->297..你好，我是中国人.
2018-08-31 14:29:17.012-->298..你好，我是中国人.
2018-08-31 14:29:17.012-->299..你好，我是中国人.
2018-08-31 14:29:17.013-->300..你好，我是中国人.
2018-08-31 14:29:17.013-->301..你好，我是中国人.
2018-08-31 14:29:17.013-->302..你好，我是中国人.
2018-08-31 14:29:17.013-->303..你好，我是中国人.
2018-08-31 14:29:17.014-->304..你好，我是中国人.
2018-08-31 14:29:17.014-->305..你好，我是中国人.
2018-08-31 14:29:17.014-->306..你好，我是中国人.
2018-08-31 14:29:17.014-->307..你好，我是中国人.
2018-08-31 14:29:17.015-->308..你好，我是中国人.
2018-08-31 14:29:17.015-->309..你好，我是中国人.
2018-08-31 14:29:17.015-->310..你好，我是中国人.
2018-08-31 14:29:17.015-->311..你好，我是中国人.
2018-08-31 14:29:17.016-->312..你好，我是中国人.
2018-08-31 14:29:17.016-->313..你好，我是中国人.
2018-08-31 14:29:17.016-->314..你好，我是中国人.
2018-08-31 14:29:17.016-->315..你好，我是中国人.
2018-08-31 14:29:17.017-->316..你好，我是中国人.
2018-08-31 14:29:17.017-->317..你好，我是中国人.
2018-08-31 14:29:17.017-->318..你好，我是中国人.
2018-08-31 14:29:17.018-->319..你好，我是中国人.
2018-08-31 14:29:17.018-->320..你好，我是中国人.
2018-08-31 14:29:17.018-->321..你好，我是中国人.
2018-08-31 14:29:17.018-->322..你好，我是中国人.
2018-08-31 14:29:17.019-->323..你好，我是中国人.
2018-08-31 14:29:17.019-->324..你好，我是中国人.
2018-08-31 14:29:17.019-->325..你好，我是中国人.
2018-08-31 14:29:17.019-->326..你好，我是中国人.
2018-08-31 14:29:17.020-->327..你好，我是中国人.
2018-08-31 14:29:17.020-->328..你好，我是中国人.
2018-08-31 14:29:17.020-->329..你好，我是中国人.
2018-08-31 14:29:17.020-->330..你好，我是中国人.
2018-08-31 14:29:17.021-->331..你好，我是中国人.
2018-08-31 14:29:17.021-->332..你好，我是中国人.
2018-08-31 14:29:17.021-->333..你好，我是中国人.
2018-08-31 14:29:17.022-->334..你好，我是中国人.
2018-08-31 14:29:17.022-->335..你好，我是中国人.
2018-08-31 14:29:17.022-->336..你好，我是中国人.
2018-08-31 14:29:17.022-->337..你好，我是中国人.
2018-08-31 14:29:17.023-->338..你好，我是中国人.
2018-08-31 14:29:17.023-->339..你好，我是中国人.
2018-08-31 14:29:17.023-->340..你好，我是中国人.
2018-08-31 14:29:17.023-->341..你好，我是中国人.
2018-08-31 14:29:17.024-->342..你好，我是中国人.
2018-08-31 14:29:17.024-->343..你好，我是中国人.
2018-08-31 14:29:17.024-->344..你好，我是中国人.
2018-08-31 14:29:17.024-->345..你好，我是中国人.
2018-08-31 14:29:17.025-->346..你好，我是中国人.
2018-08-31 14:29:17.025-->347..你好，我是中国人.
2018-08-31 14:29:17.025-->348..你好，我是中国人.
2018-08-31 14:29:17.025-->349..你好，我是中国人.
2018-08-31 14:29:17.026-->350..你好，我是中国人.
2018-08-31 14:29:17.030-->351..你好，我是中国人.
2018-08-31 14:29:17.030-->352..你好，我是中国人.
2018-08-31 14:29:17.031-->353..你好，我是中国人.
2018-08-31 14:29:17.031-->354..你好，我是中国人.
2018-08-31 14:29:17.031-->355..你好，我是中国人.
2018-08-31 14:29:17.031-->356..你好，我是中国人.
2018-08-31 14:29:17.032-->357..你好，我是中国人.
2018-08-31 14:29:17.032-->358..你好，我是中国人.
2018-08-31 14:29:17.032-->359..你好，我是中国人.
2018-08-31 14:29:17.033-->360..你好，我是中国人.
2018-08-31 14:29:17.033-->361..你好，我是中国人.
2018-08-31 14:29:17.033-->362..你好，我是中国人.
2018-08-31 14:29:17.033-->363..你好，我是中国人.
2018-08-31 14:29:17.034-->364..你好，我是中国人.
2018-08-31 14:29:17.034-->365..你好，我是中国人.
2018-08-31 14:29:17.034-->366..你好，我是中国人.
2018-08-31 14:29:17.035-->367..你好，我是中国人.
2018-08-31 14:29:17.035-->368..你好，我是中国人.
2018-08-31 14:29:17.035-->369..你好，我是中国人.
2018-08-31 14:29:17.035-->370..你好，我是中国人.
2018-08-31 14:29:17.036-->371..你好，我是中国人.
2018-08-31 14:29:17.036-->372..你好，我是中国人.
2018-08-31 14:29:17.036-->373..你好，我是中国人.
2018-08-31 14:29:17.036-->374..你好，我是中国人.
2018-08-31 14:29:17.037-->375..你好，我是中国人.
2018-08-31 14:29:17.037-->376..你好，我是中国人.
2018-08-31 14:29:17.037-->377..你好，我是中国人.
2018-08-31 14:29:17.038-->378..你好，我是中国人.
2018-08-31 14:29:17.038-->379..你好，我是中国人.
2018-08-31 14:29:17.038-->380..你好，我是中国人.
2018-08-31 14:29:17.038-->381..你好，我是中国人.
2018-08-31 14:29:17.039-->382..你好，我是中国人.
2018-08-31 14:29:17.039-->383..你好，我是中国人.
2018-08-31 14:29:17.039-->384..你好，我是中国人.
2018-08-31 14:29:17.039-->385..你好，我是中国人.
2018-08-31 14:29:17.040-->386..你好，我是中国人.
2018-08-31 14:29:17.040-->387..你好，我是中国人.
2018-08-31 14:29:17.040-->388..你好，我是中国人.
2018-08-31 14:29:17.041-->389..你好，我是中国人.
2018-08-31 14:29:17.041-->390..你好，我是中国人.
2018-08-31 14:29:17.041-->391..你好，我是中国人.
2018-08-31 14:29:17.041-->392..你好，我是中国人.
2018-08-31 14:29:17.042-->393..你好，我是中国人.
2018-08-31 14:29:17.042-->394..你好，我是中国人.
2018-08-31 14:29:17.042-->395..你好，我是中国人.
2018-08-31 14:29:17.043-->396..你好，我是中国人.
2018-08-31 14:29:17.043-->397..你好，我是中国人.
2018-08-31 14:29:17.043-->398..你好，我是中国人.
2018-08-31 14:29:17.043-->399..你好，我是中国人.
2018-08-31 14:29:17.044-->400..你好，我是中国人.
2018-08-31 14:29:17.044-->401..你好，我是中国人.
2018-08-31 14:29:17.044-->402..你好，我是中国人.
2018-08-31 14:29:17.044-->403..你好，我是中国人.
2018-08-31 14:29:17.045-->404..你好，我是中国人.
2018-08-31 14:29:17.045-->405..你好，我是中国人.
2018-08-31 14:29:17.045-->406..你好，我是中国人.
2018-08-31 14:29:17.045-->407..你好，我是中国人.
2018-08-31 14:29:17.046-->408..你好，我是中国人.
2018-08-31 14:29:17.046-->409..你好，我是中国人.
2018-08-31 14:29:17.046-->410..你好，我是中国人.
2018-08-31 14:29:17.046-->411..你好，我是中国人.
2018-08-31 14:29:17.047-->412..你好，我是中国人.
2018-08-31 14:29:17.047-->413..你好，我是中国人.
2018-08-31 14:29:17.047-->414..你好，我是中国人.
2018-08-31 14:29:17.047-->415..你好，我是中国人.
2018-08-31 14:29:17.048-->416..你好，我是中国人.
2018-08-31 14:29:17.048-->417..你好，我是中国人.
2018-08-31 14:29:17.048-->418..你好，我是中国人.
2018-08-31 14:29:17.048-->419..你好，我是中国人.
2018-08-31 14:29:17.048-->420..你好，我是中国人.
2018-08-31 14:29:17.048-->421..你好，我是中国人.
2018-08-31 14:29:17.048-->422..你好，我是中国人.
2018-08-31 14:29:17.048-->423..你好，我是中国人.
2018-08-31 14:29:17.048-->424..你好，我是中国人.
2018-08-31 14:29:17.049-->425..你好，我是中国人.
2018-08-31 14:29:17.049-->426..你好，我是中国人.
2018-08-31 14:29:17.049-->427..你好，我是中国人.
2018-08-31 14:29:17.050-->428..你好，我是中国人.
2018-08-31 14:29:17.050-->429..你好，我是中国人.
2018-08-31 14:29:17.050-->430..你好，我是中国人.
2018-08-31 14:29:17.050-->431..你好，我是中国人.
2018-08-31 14:29:17.051-->432..你好，我是中国人.
2018-08-31 14:29:17.051-->433..你好，我是中国人.
2018-08-31 14:29:17.051-->434..你好，我是中国人.
2018-08-31 14:29:17.051-->435..你好，我是中国人.
2018-08-31 14:29:17.051-->436..你好，我是中国人.
2018-08-31 14:29:17.052-->437..你好，我是中国人.
2018-08-31 14:29:17.052-->438..你好，我是中国人.
2018-08-31 14:29:17.052-->439..你好，我是中国人.
2018-08-31 14:29:17.052-->440..你好，我是中国人.
2018-08-31 14:29:17.053-->441..你好，我是中国人.
2018-08-31 14:29:17.053-->442..你好，我是中国人.
2018-08-31 14:29:17.053-->443..你好，我是中国人.
2018-08-31 14:29:17.053-->444..你好，我是中国人.
2018-08-31 14:29:17.054-->445..你好，我是中国人.
2018-08-31 14:29:17.054-->446..你好，我是中国人.
2018-08-31 14:29:17.054-->447..你好，我是中国人.
2018-08-31 14:29:17.054-->448..你好，我是中国人.
2018-08-31 14:29:17.055-->449..你好，我是中国人.
2018-08-31 14:29:17.055-->450..你好，我是中国人.
2018-08-31 14:29:17.055-->451..你好，我是中国人.
2018-08-31 14:29:17.055-->452..你好，我是中国人.
2018-08-31 14:29:17.056-->453..你好，我是中国人.
2018-08-31 14:29:17.056-->454..你好，我是中国人.
2018-08-31 14:29:17.056-->455..你好，我是中国人.
2018-08-31 14:29:17.056-->456..你好，我是中国人.
2018-08-31 14:29:17.057-->457..你好，我是中国人.
2018-08-31 14:29:17.057-->458..你好，我是中国人.
2018-08-31 14:29:17.057-->459..你好，我是中国人.
2018-08-31 14:29:17.057-->460..你好，我是中国人.
2018-08-31 14:29:17.058-->461..你好，我是中国人.
2018-08-31 14:29:17.058-->462..你好，我是中国人.
2018-08-31 14:29:17.058-->463..你好，我是中国人.
2018-08-31 14:29:17.058-->464..你好，我是中国人.
2018-08-31 14:29:17.059-->465..你好，我是中国人.
2018-08-31 14:29:17.059-->466..你好，我是中国人.
2018-08-31 14:29:17.059-->467..你好，我是中国人.
2018-08-31 14:29:17.059-->468..你好，我是中国人.
2018-08-31 14:29:17.060-->469..你好，我是中国人.
2018-08-31 14:29:17.060-->470..你好，我是中国人.
2018-08-31 14:29:17.060-->471..你好，我是中国人.
2018-08-31 14:29:17.060-->472..你好，我是中国人.
2018-08-31 14:29:17.061-->473..你好，我是中国人.
2018-08-31 14:29:17.061-->474..你好，我是中国人.
2018-08-31 14:29:17.061-->475..你好，我是中国人.
2018-08-31 14:29:17.061-->476..你好，我是中国人.
2018-08-31 14:29:17.062-->477..你好，我是中国人.
2018-08-31 14:29:17.062-->478..你好，我是中国人.
2018-08-31 14:29:17.062-->479..你好，我是中国人.
2018-08-31 14:29:17.062-->480..你好，我是中国人.
2018-08-31 14:29:17.063-->481..你好，我是中国人.
2018-08-31 14:29:17.063-->482..你好，我是中国人.
2018-08-31 14:29:17.063-->483..你好，我是中国人.
2018-08-31 14:29:17.063-->484..你好，我是中国人.
2018-08-31 14:29:17.064-->485..你好，我是中国人.
2018-08-31 14:29:17.064-->486..你好，我是中国人.
2018-08-31 14:29:17.064-->487..你好，我是中国人.
2018-08-31 14:29:17.064-->488..你好，我是中国人.
2018-08-31 14:29:17.065-->489..你好，我是中国人.
2018-08-31 14:29:17.065-->490..你好，我是中国人.
2018-08-31 14:29:17.065-->491..你好，我是中国人.
2018-08-31 14:29:17.065-->492..你好，我是中国人.
2018-08-31 14:29:17.066-->493..你好，我是中国人.
2018-08-31 14:29:17.066-->494..你好，我是中国人.
2018-08-31 14:29:17.066-->495..你好，我是中国人.
2018-08-31 14:29:17.067-->496..你好，我是中国人.
2018-08-31 14:29:17.069-->497..你好，我是中国人.
2018-08-31 14:29:17.070-->498..你好，我是中国人.
2018-08-31 14:29:17.070-->499..你好，我是中国人.
2018-08-31 14:29:17.071-->500..你好，我是中国人.
